-180.000000   -0.048959
-175.000000   -0.013048
-165.000000    0.132623
-150.000000    0.784986
-135.000000    1.709533
-120.000000    2.560050
-105.000000    3.135754
 -90.000000    3.343050
 -75.000000    3.135754
 -60.000000    2.560050
 -45.000000    1.709533
 -30.000000    0.784986
 -15.000000    0.132623
  -5.000000   -0.013048
   0.000000   -0.048959
   5.000000   -0.101378
  15.000000   -0.322244
  30.000000   -0.899480
  45.000000   -1.594139
  60.000000   -2.236524
  75.000000   -2.683939
  90.000000   -2.843166
 105.000000   -2.683939
 120.000000   -2.236524
 135.000000   -1.594139
 150.000000   -0.899480
 165.000000   -0.322244
 175.000000   -0.101378
 180.000000   -0.048959
