-9.0000e+01 -8.0654e-01
-8.0000e+01 -3.4808e-01
-7.0000e+01  7.7672e-02
-6.0000e+01  4.3866e-01
-5.0000e+01  7.0262e-01
-4.0000e+01  8.3373e-01
-3.0000e+01  8.0908e-01
-2.0000e+01  6.3278e-01
-1.0000e+01  3.5937e-01
-5.0000e+00  1.9311e-01
 0.0000e+00 -4.3011e-11
 5.0000e+00 -2.2189e-01
 1.0000e+01 -4.5836e-01
 2.0000e+01 -9.0425e-01
 3.0000e+01 -1.2448e+00
 4.0000e+01 -1.4484e+00
 5.0000e+01 -1.5267e+00
 6.0000e+01 -1.5038e+00
 7.0000e+01 -1.4052e+00
 8.0000e+01 -1.2560e+00
 9.0000e+01 -1.0815e+00
