-1.8000e+02 -7.3326e-04
-1.7500e+02  3.2427e-03
-1.6500e+02  1.1158e-02
-1.5000e+02  2.1754e-02
-1.3500e+02  2.6572e-02
-1.2000e+02  2.4692e-02
-1.0500e+02  1.4971e-02
-9.0000e+01  1.4271e-13
-7.5000e+01 -1.4971e-02
-6.0000e+01 -2.4692e-02
-4.5000e+01 -2.6572e-02
-3.0000e+01 -2.1754e-02
-1.5000e+01 -1.1158e-02
-5.0000e+00 -3.2427e-03
 0.0000e+00  7.3326e-04
 5.0000e+00  4.7118e-03
 1.5000e+01  1.2402e-02
 3.0000e+01  2.2833e-02
 4.5000e+01  3.0064e-02
 6.0000e+01  2.6289e-02
 7.5000e+01  1.4695e-02
 9.0000e+01 -1.6514e-13
 1.0500e+02 -1.4695e-02
 1.2000e+02 -2.6289e-02
 1.3500e+02 -3.0064e-02
 1.5000e+02 -2.2833e-02
 1.6500e+02 -1.2402e-02
 1.7500e+02 -4.7118e-03
 1.8000e+02 -7.3326e-04
