-9.0000e+01  3.0245e-01
-8.0000e+01  2.3997e-01
-7.0000e+01  1.8115e-01
-6.0000e+01  1.2897e-01
-5.0000e+01  8.6572e-02
-4.0000e+01  6.1166e-02
-3.0000e+01  4.7884e-02
-2.0000e+01  3.2556e-02
-1.0000e+01  1.5989e-02
-5.0000e+00  7.9963e-03
 0.0000e+00  5.4410e-05
 5.0000e+00 -7.9702e-03
 1.0000e+01 -1.6191e-02
 2.0000e+01 -3.3517e-02
 3.0000e+01 -4.9356e-02
 4.0000e+01 -6.2194e-02
 5.0000e+01 -8.7147e-02
 6.0000e+01 -1.2955e-01
 7.0000e+01 -1.8187e-01
 8.0000e+01 -2.4089e-01
 9.0000e+01 -3.0365e-01
