-1.8000e+02  3.7261e-04
-1.7500e+02  1.5724e-03
-1.6500e+02  7.6728e-03
-1.5000e+02  1.5311e-02
-1.3500e+02  1.4857e-02
-1.2000e+02  9.4555e-03
-1.0500e+02  3.9501e-03
-9.0000e+01 -1.8159e-15
-7.5000e+01 -3.9501e-03
-6.0000e+01 -9.4555e-03
-4.5000e+01 -1.4857e-02
-3.0000e+01 -1.5311e-02
-1.5000e+01 -7.6728e-03
-5.0000e+00 -1.5724e-03
 0.0000e+00 -3.7261e-04
 5.0000e+00 -1.0075e-03
 1.5000e+01 -6.8183e-03
 3.0000e+01 -1.6945e-02
 4.5000e+01 -1.7817e-02
 6.0000e+01 -1.0559e-02
 7.5000e+01 -3.7081e-03
 9.0000e+01 -2.4662e-15
 1.0500e+02  3.7081e-03
 1.2000e+02  1.0559e-02
 1.3500e+02  1.7817e-02
 1.5000e+02  1.6945e-02
 1.6500e+02  6.8183e-03
 1.7500e+02  1.0075e-03
 1.8000e+02  3.7261e-04
