-0.3680172  0.0064160
-0.3500000  0.0063948
-0.3000000  0.0060548
-0.2500000  0.0053001
-0.2000000  0.0042326
-0.1500000  0.0034202
-0.1000000  0.0037546
-0.0500000  0.0065497
-0.0200000  0.0157059
-0.0100000  0.0312207
-0.0050000  0.0623459
-0.0025000  0.1246441
-0.0012500  0.2492643
-0.0006300  0.4945602
-0.0003000  1.0385699
 0.0000000  0.0000000
 0.0003000 -1.0385699
 0.0006300 -0.4945602
 0.0012500 -0.2492643
 0.0025000 -0.1246441
 0.0050000 -0.0623459
 0.0100000 -0.0312207
 0.0200000 -0.0157059
 0.0500000 -0.0065497
 0.1000000 -0.0037546
 0.1500000 -0.0034202
 0.2000000 -0.0042326
 0.2500000 -0.0053001
 0.3000000 -0.0060548
 0.3500000 -0.0063948
 0.3680172 -0.0064160
