-9.0000e+01  2.5873e-02
-8.0000e+01  2.0231e-02
-7.0000e+01  1.4814e-02
-6.0000e+01  9.8419e-03
-5.0000e+01  5.5357e-03
-4.0000e+01  2.1396e-03
-3.0000e+01 -1.8301e-04
-2.0000e+01 -1.4660e-03
-1.0000e+01 -2.1964e-03
-5.0000e+00 -2.5792e-03
 0.0000e+00 -3.1226e-03
 5.0000e+00 -3.9195e-03
 1.0000e+01 -4.9824e-03
 2.0000e+01 -7.8679e-03
 3.0000e+01 -1.1540e-02
 4.0000e+01 -1.5645e-02
 5.0000e+01 -2.0032e-02
 6.0000e+01 -2.4631e-02
 7.0000e+01 -2.9394e-02
 8.0000e+01 -3.4264e-02
 9.0000e+01 -3.9189e-02
