-1.8000e+02  7.2224e-04
-1.7500e+02 -1.6417e-02
-1.6500e+02 -5.9712e-02
-1.5000e+02 -1.5348e-01
-1.3500e+02 -2.4411e-01
-1.2000e+02 -3.1662e-01
-1.0500e+02 -3.5947e-01
-9.0000e+01 -3.7541e-01
-7.5000e+01 -3.5947e-01
-6.0000e+01 -3.1662e-01
-4.5000e+01 -2.4411e-01
-3.0000e+01 -1.5348e-01
-1.5000e+01 -5.9712e-02
-5.0000e+00 -1.6417e-02
 0.0000e+00  7.2224e-04
 5.0000e+00  1.8551e-02
 1.5000e+01  6.5912e-02
 3.0000e+01  1.7725e-01
 4.5000e+01  3.0391e-01
 6.0000e+01  3.8639e-01
 7.5000e+01  4.2737e-01
 9.0000e+01  4.3887e-01
 1.0500e+02  4.2737e-01
 1.2000e+02  3.8639e-01
 1.3500e+02  3.0391e-01
 1.5000e+02  1.7725e-01
 1.6500e+02  6.5912e-02
 1.7500e+02  1.8551e-02
 1.8000e+02  7.2224e-04
