-9.0000e+01  6.6480e-03
-8.0000e+01  9.0492e-03
-7.0000e+01  1.1159e-02
-6.0000e+01  1.2693e-02
-5.0000e+01  1.3364e-02
-4.0000e+01  1.2850e-02
-3.0000e+01  1.0955e-02
-2.0000e+01  7.7466e-03
-1.0000e+01  3.8124e-03
-5.0000e+00  1.8301e-03
 0.0000e+00  4.4549e-13
 5.0000e+00 -1.5833e-03
 1.0000e+01 -2.9400e-03
 2.0000e+01 -5.1525e-03
 3.0000e+01 -6.6095e-03
 4.0000e+01 -7.0141e-03
 5.0000e+01 -6.5804e-03
 6.0000e+01 -5.5394e-03
 7.0000e+01 -4.0166e-03
 8.0000e+01 -2.1734e-03
 9.0000e+01 -1.7314e-04
